-0.391622
0.0308195
-0.199239
0.826442
1.9959
-3.31023
-2.5494
-2.65141
-1.8272
-0.632064
-2.21354
-1.42616
-1.97162
-2.86811
-3.82903
0.780267
0.968389
0.339311
-0.56244
-1.973
2.45622
1.80187
1.45336
0.853441
0.926625
0.793119
-2.61504
-3.08067
-0.596295
2.10547
0.479275
-2.95269
-2.02445
-0.260612
0.8541
-0.0169059
-3.26431
-0.802506
0.237569
0.125472
-0.973332
-3.26369
-0.311332
0.340075
0.298471
-3.72027
-3.48647
-0.573225
1.93645
2.80674
-0.365474
0.0721131
0.655072
1.71308
2.82118
-2.486
-1.91161
-1.55786
-0.504479
1.06657
-1.60409
-1.73818
-3.23831
-3.15378
-1.71116
0.320834
0.172517
-0.882016
-2.02075
-3.11979
1.89867
1.49318
0.905288
0.380473
-0.0347056
0.534405
3.28751
2.09328
0.643827
-0.896372
0.651308
2.32213
3.02778
1.70677
-1.13734
-1.11863
1.91752
3.22512
0.342779
-2.58003
-1.53838
0.6253
0.916871
-0.85529
-1.39008
-1.85437
-2.08234
-2.01453
-0.655971
0.307386
4.10147
1.53551
-0.406097
-2.03976
0.158543
0.998815
-0.442703
-1.87759
-2.64931
-0.653914
-1.01194
-1.97438
-2.36226
-1.1115
-0.76674
-2.26931
-2.44878
-1.22976
-0.441609
-1.23259
-1.66912
-1.16828
0.255227
0.311708
1.22719
-0.676775
-1.44926
-1.41269
-0.829634
-0.60969
-2.72065
-3.0555
-2.82695
-2.62655
-2.67281
-0.789728
-1.32792
-1.26581
-1.08009
-1.28351
2.25384
1.69702
1.31353
0.859649
0.584095
2.685
2.59077
1.40238
0.442325
0.729384
-1.09784
-1.02718
-0.868632
-3.57941
-0.55957
-2.94128
0.544442
0.230458
-1.04034
-0.728604
-0.318048
0.997744
-1.24387
-2.15735
-0.674951
-0.229294
0.30765
-2.0244
-2.08418
0.0034076
0.434047
-0.729757
-1.83573
-1.21532
0.22918
0.394623
-1.43094
-1.21896
-0.161163
0.426283
0.159645
0.620738
0.387873
1.08216
0.176463
-0.497161
0.831646
0.683793
-0.123693
-1.42554
-0.671421
-0.227421
-0.786527
-1.42291
-1.49096
-1.37594
0.466749
0.567405
0.896952
0.363679
-0.850056
0.390343
0.447751
0.223062
-0.405932
-0.996315
0.164376
0.158771
0.329789
0.294597
-0.187076
0.693613
0.886521
1.43565
1.25462
0.587007
0.45345
0.343241
0.178947
0.105636
-0.187236
-0.355086
-0.405505
-0.624872
-0.840559
-0.930826
-0.321107
-0.259666
-0.576689
-0.70902
-0.727921
0.343977
0.212507
0.0899928
0.560369
0.324186
0.445958
-0.0190706
0.051941
0.534058
0.456143
-0.802286
-0.889852
-0.236958
-0.425197
-1.2349
-1.13823
-0.280004
0.361466
-0.0678716
-1.45987
-0.0282851
-0.412119
-0.247125
-0.403677
-0.732343
-0.562132
-0.184
0.25417
1.01682
0.819362
-0.0153001
-0.83809
-0.466666
-0.0719979
0.303439
-0.0539521
-1.47678
-1.25975
-0.154664
0.126245
0.26288
-1.3038
-1.86588
-0.406973
0.629919
-0.633094
-1.92718
-1.25701
0.0767054
0.866549
-0.208854
-0.304754
0.470567
1.1724
1.29776
-0.409956
-0.0652453
0.776332
1.17957
1.12334
0.223037
0.112151
-0.586867
-0.520819
-0.787329
0.952441
0.502572
-0.545616
-1.36358
-1.10557
0.273151
-0.0804769
-0.365457
0.111832
-0.330636
-1.04313
-1.15567
-0.302879
-0.071047
0.248908
-2.26904
-1.20949
0.568399
0.523937
0.122331
-2.70613
-0.163788
1.07849
0.746052
0.135552
-1.14278
-0.0733855
-0.00809012
-0.16599
-0.232335
0.223623
0.0133416
-0.567501
-0.519737
-0.38962
-0.177237
-0.290145
-0.180565
-0.00255907
0.502848
-0.20738
-0.735655
-0.970177
-0.354122
0.152063
-0.740849
-1.03361
-0.443806
0.512964
0.667539
-0.895429
-0.356279
0.263132
0.517056
0.101533
-0.308505
0.0719813
0.288955
-0.203258
-0.270918
-0.417844
-0.409591
-0.931956
-0.874319
-0.40283
1.30377
1.07224
2.19859
2.11933
1.52356
1.26725
1.79917
1.45247
0.17866
0.57295
-0.651051
0.266052
-0.25572
-0.744058
-0.369745
-1.29756
-1.7987
-1.98673
-1.57431
-0.681683
-0.698774
-0.213937
0.381775
0.286877
-0.554675
-0.841507
-0.260889
-0.070459
-0.523274
-1.45742
-0.64286
-0.385231
-0.451959
-1.14594
-1.29557
-0.305815
-0.778746
-0.385961
-0.566048
-1.08148
-0.0691415
-0.406082
0.243577
0.222115
-0.310267
-0.216269
-0.257842
-0.245773
0.0548889
0.112855
-0.100154
-0.204091
-0.222804
-0.0145593
-0.164306
-0.153541
-0.0119466
-0.0504389
-0.0321104
-0.122019
-0.0176142
-0.118415
-0.146677
-0.220983
-0.151568
-0.156012
-0.0459507
-0.126151
-0.12735
-0.190275
-0.77322
0.0965473
-0.148244
-0.459391
0.108165
-1.32444
-1.3537
0.159795
-0.130421
-0.752243
0.386374
-0.0615438
-0.812514
-0.972715
-0.802832
1.42816
0.8799
-0.455724
-1.94113
-0.552813
0.395049
0.304202
-0.871223
-0.994319
0.0728341
-0.785507
-1.19292
-0.591542
0.624075
0.91251
0.0923608
0.216228
-0.383886
1.03
0.66566
0.88004
0.715406
-0.241398
0.847468
-0.27291
0.164209
-0.458885
0.0309114
0.500998
-0.165731
-0.850766
-0.841696
0.308854
1.11671
0.345729
-0.779305
0.29187
-0.0750942
-0.297214
0.392372
-0.485198
-1.30371
-2.09891
-2.3141
-1.22089
-2.11556
-3.16564
-2.59624
-0.593212
-0.0605451
-0.121181
-1.28056
0.320427
1.20222
0.833185
1.082
0.638613
1.39524
0.885264
0.367425
0.487075
0.0218522
-0.146586
-0.224137
0.0949742
0.283096
-0.301954
-0.703416
-0.898119
-0.556771
-0.0871898
-0.89567
-1.46801
-1.09295
-0.689562
-0.616663
-0.754736
-0.524693
-0.48583
-0.413909
-0.361629
-0.270097
-0.0649227
-0.216199
-0.528553
1.02936
1.10456
-0.0341177
-1.19772
-1.64373
0.695848
0.297652
-1.19224
-1.84164
-1.57554
-0.128044
-1.23235
-0.567223
0.617115
0.714214
-0.128831
-1.10066
-0.349478
0.232736
-0.153225
0.0573604
-2.06664
-2.67552
-1.91187
-0.743982
1.24211
-1.30114
-0.398696
0.33063
1.12118
-0.0388168
-2.41635
-1.26132
0.967462
1.23376
0.13281
-0.14199
-0.889337
0.572316
0.8762
0.495042
0.401679
-0.388659
0.295813
0.545362
-0.403811
-0.561655
0.0810162
0.0533194
0.124213
0.951545
-1.25373
-1.3426
-0.531211
0.643628
-0.839452
-2.55689
-2.5797
-1.59231
0.0438775
-0.772064
-0.927114
-2.34797
-2.55631
-1.26744
-0.725127
-0.595756
-0.569806
-0.416538
0.336508
-1.42385
-0.406015
1.2203
1.43856
0.423509
1.96939
-0.71803
0.314558
0.882092
0.376074
0.264438
-0.231938
0.93231
0.630615
-0.220916
-0.269232
-0.379165
-0.0373577
0.191738
0.0145582
0.869981
-0.91625
-0.872434
-0.229113
-0.203733
0.666157
-0.969345
-0.628576
-0.20644
-0.51845
-0.589622
-0.23799
-0.721627
-0.604669
-0.398661
0.0982303
-0.150045
-0.678133
-0.582452
0.00972204
-0.412159
-0.732854
-0.560583
-0.64265
-0.165754
-0.718329
-0.810651
-0.841889
-0.88325
-0.649586
-0.261193
-0.555973
-0.641948
-0.771383
-0.44642
0.800169
0.888917
-0.345895
-0.137078
0.504201
1.30073
0.469937
0.437101
0.680236
0.479142
-0.077069
0.534448
0.51441
-0.314883
-1.06645
-0.82203
-0.00276366
-0.396904
-0.950368
-1.89345
-0.365302
0.222477
-0.300151
-1.1672
-0.511109
-0.785834
-0.96079
-1.18896
-0.506927
0.445984
-0.804133
-0.0494338
0.130439
1.2658
0.964816
-0.148217
0.73871
1.23052
1.95244
0.1668
-0.0358522
1.21239
1.66804
1.31271
-0.466394
-0.100047
1.13416
1.76275
0.735074
-0.721739
-0.368549
-0.30044
-0.40952
-0.206954
0.0151518
-0.203516
-0.272501
-0.343345
-0.146192
-0.185345
-0.0965223
-0.0172941
0.0355004
-0.125941
-0.129718
0.00567268
-0.117155
-0.0726426
-0.0456509
-0.0695481
0.00308282
-0.0656513
-0.0609172
-0.197568
-0.0740427
0.536134
-0.646923
-1.58929
-1.73787
0.0740558
-0.344574
-1.89903
-3.17147
-1.57894
0.758666
0.20428
-0.18081
-1.61431
-1.62159
-0.660501
1.31916
0.76893
0.0601429
-1.30808
-1.19812
0.187921
1.00824
0.469925
0.142807
0.0269745
1.00229
0.246427
-0.819067
-0.297754
-0.179123
0.851545
-1.13179
-1.44718
-0.487007
-0.377709
-0.217155
-1.87286
-1.79659
0.0891688
0.41658
-1.35903
-1.88515
-0.864842
0.3699
0.513123
-1.50904
-1.16738
-0.0770929
0.650781
0.645893
0.380025
0.0557955
0.507755
0.0651813
-0.379423
0.070725
-0.257581
-1.10241
-1.60701
-0.600591
-0.181747
-0.972063
-1.25189
-1.01295
-1.22988
0.0851945
0.123618
0.445367
0.337923
-0.286168
1.0176
0.787188
0.154181
-0.540149
-0.930435
0.693152
0.761638
0.862279
0.537389
0.0579014
0.542778
0.587843
1.02034
0.875848
0.375403
0.0122593
-0.136782
0.111557
0.0442003
-0.293711
-0.375531
-0.258147
-0.34862
-0.573776
-0.643376
0.000487822
-0.279784
-0.77278
-0.883612
-0.913316
0.371805
-0.0396686
-0.118774
0.260915
0.601027
0.0134759
-0.749393
-0.349403
0.261829
0.381212
-1.31394
-1.09257
-0.154782
-0.357936
-1.07862
-0.575345
-0.429031
-0.0924855
-0.315963
-1.46848
0.607987
-0.324603
-0.565647
-1.00668
-0.810325
-0.341582
-0.122201
0.19696
1.22613
0.765484
0.201484
-0.662428
-0.0448732
0.339381
0.141189
0.0516604
-0.738897
-0.853327
0.116755
0.380152
0.0675754
-1.10821
-1.50578
-0.25857
0.720906
-1.11071
-2.14919
-1.39333
-0.266753
0.738565
-0.567899
-0.375655
0.0405058
0.856084
1.25679
0.083014
0.0353662
0.705985
0.83564
0.697702
0.326448
0.437719
-0.569258
-0.528354
-0.674941
0.690701
0.702887
-0.306905
-0.849661
-0.828107
-0.110785
-0.97331
-0.683303
0.150272
-0.776976
-1.51983
-1.36768
-0.37184
-0.306443
-0.122546
-2.46426
-1.08385
0.406061
0.34347
0.031105
-2.52925
-0.0227961
0.987434
0.711001
0.128485
-0.370413
0.091127
-0.0514734
-0.12778
-0.113717
0.585602
0.268891
-0.469214
-0.458917
0.00858414
-0.155508
-0.18221
-0.26321
-0.082478
0.355139
-0.480339
-0.746317
-0.892697
-0.649335
-0.020671
-0.996688
-0.93379
-0.695908
0.0225969
0.340611
-0.403857
-0.069703
0.303218
0.157358
-0.114416
0.0295899
0.197195
0.191254
-0.100316
-0.326166
-0.00800894
-0.232127
-0.492297
0.121723
0.488096
1.83499
1.26455
1.82541
1.05801
0.583819
0.863929
1.45362
1.22417
0.0657465
-0.122402
-1.24368
-0.297465
-0.426764
-0.616545
-0.627309
-0.872362
-1.95685
-2.21322
-1.37419
-0.658008
-0.658607
0.314162
0.881137
0.313678
-0.817131
-0.53578
-0.104543
-0.0917194
-0.590136
-1.46299
-0.483382
-0.164817
-0.508808
-0.965126
-1.29022
-0.230245
-0.355433
-0.0514996
-0.0395367
-0.922997
-0.0800156
-0.000581546
0.477682
0.712971
-0.239196
-0.241031
-0.282713
-0.173255
-0.00296527
0.0883646
-0.204197
-0.0891709
-0.101389
0.00289538
-0.134337
-0.132492
0.0577189
-0.0326756
-0.161868
-0.170139
-0.147328
-0.0785341
-0.169847
-0.183113
-0.163391
-0.0110984
-0.176592
-0.277205
-0.0786332
-0.0283019
-1.07802
-0.558454
-0.180667
-0.49963
-0.115604
-0.730859
-0.528391
0.238084
0.153565
-0.755219
1.05273
0.806385
-0.517668
-1.03675
-0.944097
1.49883
1.25603
-0.341427
-1.63895
-0.897821
0.0888258
-0.0440253
-0.417591
-0.500884
0.186909
-0.0689471
0.741988
-0.354139
-0.203114
-0.138272
-1.0562
0.288229
0.597551
0.729881
-0.10885
-2.5423
0.455263
0.904779
-1.23377
-0.957575
-1.36539
1.53231
0.679309
-0.848123
-0.233269
0.815222
1.33458
0.400226
-0.297692
0.377909
-0.481005
-1.46961
-1.42639
-1.43884
-2.00871
-0.174942
-0.173379
1.19736
0.672781
0.406678
-0.771391
1.33826
2.45697
1.94541
0.446553
1.41961
0.742495
-0.954846
-0.527771
-0.0758953
-1.37599
-1.5507
-2.43909
-1.18847
0.25546
-0.545579
-0.118696
-0.0649532
0.110564
0.0397939
-1.31564
-1.13746
-1.10571
-1.07319
-1.06732
-0.653146
-0.243427
0.221212
-0.137818
-0.363839
-0.435117
0.0992413
-0.29108
-0.311286
0.146756
-0.313614
-0.270852
-0.763488
-0.107386
0.105145
-0.375542
-0.772996
-0.779899
-0.386616
0.43834
-0.962926
-0.602949
0.0150647
1.17169
0.810317
0.363386
0.3494
-0.490818
-0.0286349
-0.69628
0.429843
-0.375362
-1.42011
-0.803767
0.74704
0.140471
0.723423
0.393301
0.69872
0.775383
-0.390337
-0.149021
-0.449707
-0.712079
0.0190775
-0.326516
0.586233
0.118852
-1.84965
-0.893811
-0.125682
1.5281
0.129917
-1.37337
-0.505243
-0.917485
1.03913
0.312543
-0.916129
-0.723669
-0.344332
1.38876
0.831578
-0.418407
-0.543455
-1.18294
0.270862
0.637486
0.623494
0.120972
0.0179452
0.717996
-0.348616
-1.11765
-1.88059
0.450348
-1.15842
-0.0670385
0.989841
-0.498253
-0.752433
-0.847593
1.18378
1.46894
0.265612
-0.59042
-1.07959
-1.37566
-0.902687
0.0684649
-1.39558
0.298566
0.681575
-0.574844
-0.997959
1.10589
1.47438
-0.210399
-1.06727
-0.610043
1.1387
-0.701679
-2.6442
-1.4328
-0.49146
0.292226
0.756893
0.437389
-0.168611
-0.8725
-0.268463
0.865023
0.647574
-0.22715
-0.46834
-0.14395
-0.611744
-0.689251
-0.144769
-0.233962
-0.82385
-0.363642
0.520954
0.977746
0.017649
0.203715
1.01627
0.481631
-0.282111
-0.946289
0.453635
0.330106
-0.484566
-0.379751
-0.0219593
0.454499
0.373542
0.522852
0.73046
0.350502
-0.0439065
0.792521
1.21332
0.838054
-0.170437
-1.59775
-0.554876
-0.161507
-1.2644
-1.61005
-3.49573
-3.19501
-1.92923
-2.27866
0.107517
-0.28008
-0.492074
-0.7355
-0.397301
0.94
1.08778
1.20605
0.631684
0.472318
-0.159709
0.705045
0.22305
-0.233927
-0.842754
-1.14363
1.48912
0.229195
-1.21309
-0.650331
0.3777
1.08283
-0.467479
-1.46143
0.128616
1.13489
0.281325
-1.32224
-1.91661
0.12424
0.366319
-0.249892
-1.59776
-1.66804
0.036949
0.46876
0.122098
0.102328
-0.0574761
-0.0949714
-0.141985
0.0743281
-0.0127007
-0.0282412
-0.172507
-0.311982
-0.133299
-0.101102
-0.316585
-0.100121
-0.115378
-0.313743
-0.227774
-0.266429
-0.0689632
-0.109889
-0.283969
-0.239336
-0.26411
-0.113391
-0.237792
-0.3913
-1.16944
-0.189268
0.453935
1.15981
0.871848
0.612688
-0.741441
-0.808204
0.0643071
0.764896
0.0938328
-0.0921021
-0.453611
-0.503835
-0.586745
-2.17215
1.14649
2.32104
0.219103
-0.650323
-1.59407
0.702574
1.84951
1.05517
-0.713688
-1.03307
-1.11515
-0.413863
-0.586955
0.51141
-0.775055
-1.17005
-0.376819
0.277206
0.700753
-0.795331
-0.177759
0.393611
0.0403752
-0.581375
-0.262386
1.0551
0.518966
-0.455817
-0.63835
0.158785
0.876004
1.20975
-0.0393631
0.333813
0.555499
-0.492127
-1.23711
-1.04228
0.192891
-0.469039
-1.8836
-1.58068
-1.14993
-1.40367
-1.37579
0.304891
1.36017
-0.241356
-0.574992
-0.295915
1.4414
0.852426
0.154924
0.0303628
0.521465
0.108364
-0.733869
-0.750283
0.522888
0.500098
0.390718
0.0318042
-0.0792203
0.289734
0.0765359
-0.271596
-0.563881
-0.422802
-0.609984
-0.720732
-0.975918
-0.915127
-0.8187
-0.397688
-0.319328
-0.0296679
-0.479641
-0.843134
-0.0922438
0.0240242
-0.0167707
-0.653705
-0.694972
1.14635
1.13555
0.640557
-0.591498
-1.11371
0.5886
0.174327
-0.437255
-0.935666
-1.22408
-0.727024
0.00322535
1.26562
0.546029
-0.537539
-0.558348
-0.535862
-0.25982
-0.550432
-0.288812
-0.390711
-1.81942
-1.39614
-0.307773
0.791129
-0.89323
-1.26892
-0.154985
0.578616
1.37227
-1.41158
-2.5683
-1.63598
-0.000697538
0.271714
-0.141777
-1.47027
-1.72135
-0.291277
0.896407
0.379629
-0.750095
-0.2902
-0.324545
0.972147
-0.424589
-0.234811
-0.36978
-0.683546
0.155978
0.0429792
-0.928689
-0.552389
0.754166
1.47447
-0.739842
-1.34498
-1.30277
-0.301613
0.124233
0.204641
-0.708175
-1.96498
-2.37436
-0.878548
0.911193
0.440956
0.0793363
0.375136
-0.235801
-0.272634
1.11245
2.14652
1.0217
-0.51129
-0.693341
-0.51498
0.263629
0.612575
0.217674
-2.07963
0.942138
1.41362
1.30067
0.196448
-0.973354
0.464562
-0.128491
-0.228123
-0.223506
-1.08825
-1.63186
-1.56442
-0.82754
-0.362847
-0.675846
-0.716429
0.108318
0.373146
-0.440552
0.00595377
-0.310015
-0.722309
-0.519481
-0.168478
-0.126266
-0.546745
-0.294768
0.500951
1.18862
-0.872287
-0.599385
0.14473
0.874723
0.717897
-0.56281
-0.579921
-0.544507
-0.690642
-0.541058
-0.632067
-0.906357
-0.722351
-0.210735
0.0899543
-0.0160169
-0.547181
-0.00519658
0.653573
1.83088
0.843983
1.30681
1.67358
0.707514
0.761147
-0.0535695
0.903
0.0694466
0.344474
-0.810558
-1.14221
-0.582034
-0.749077
-1.12379
-1.01014
0.439894
-0.0392314
-1.04259
-1.60339
-1.15082
-1.15904
-0.210774
0.355954
0.371741
-0.594688
-0.283
0.167801
0.403524
0.12261
-0.874225
0.310777
0.434199
0.471683
-0.51963
-0.618997
0.691423
0.930878
0.529083
-0.45878
-0.257769
0.743236
1.3857
0.364345
-0.233746
-0.264801
-0.291437
-0.324955
-0.307454
-0.0986261
0.0264734
-0.225759
-0.16956
-0.189812
-0.198318
0.00640216
-0.054893
0.04033
-0.151768
-0.218117
-0.0843817
0.0779376
-0.140797
-0.133333
-0.0416511
-0.0627402
0.0267979
-0.0149159
-0.067742
-0.257677
-0.189982
-0.353496
-0.698192
-1.28607
0.290331
1.0599
-1.06109
-1.89251
-2.31028
-0.871253
0.426053
0.418904
-0.888667
-2.13956
-2.52298
-0.272793
0.798615
0.520673
-0.926704
-1.05425
0.336682
0.744737
0.782437
0.652389
0.933916
0.644649
0.282294
0.716633
-0.289457
-1.08628
-0.286905
0.622253
-0.463633
-1.60383
-1.28458
-0.195259
0.798921
-1.27286
-1.68841
0.18324
0.985793
0.196653
-1.28158
-1.13725
0.288142
0.699678
-0.610093
-1.06824
-0.692045
-0.321702
-0.545142
0.461693
0.313563
1.15894
0.416656
-0.834356
0.652298
1.01207
0.904225
0.373342
-0.0390214
1.96097
0.835676
-0.503757
-1.60184
-1.06414
-0.397622
0.0793927
0.322659
-0.363642
-1.67065
-0.143402
0.119836
0.385212
-0.26255
-0.730155
-0.834834
-0.687965
-0.506229
-0.413508
-0.582202
0.522908
0.668428
1.22464
1.33277
0.714636
0.57715
0.746162
0.484162
0.305933
-0.0577646
0.0394052
-0.375439
-0.482155
-0.645869
-0.59719
-0.394835
-0.318651
-0.281736
-0.607203
-0.642204
-0.968045
-0.597928
-0.240194
0.301333
0.021842
0.237989
0.436986
0.635072
0.753359
0.0204213
0.222351
0.0292997
-0.527489
-1.06947
-0.874128
-0.82587
-0.459738
0.20273
0.132361
-0.860916
-0.288957
0.30496
1.13528
0.795858
-0.103065
-0.622763
0.225346
-0.269682
-0.0210906
-0.0940335
-0.23459
-0.154908
-0.822182
-0.71538
-0.0986327
-0.407902
-1.81266
-1.19956
-0.437959
-0.582509
0.329169
-1.14307
-1.67251
-0.289187
0.175115
0.407285
-0.911844
-1.34298
0.251564
0.713937
-0.0145349
-0.245285
-0.18
0.590368
0.524462
0.00191581
0.194409
0.829557
1.06387
1.56995
-0.292461
-0.319138
-0.0881023
-0.0960587
-0.0394305
0.89802
-0.0269193
-1.14191
-1.56349
-1.02149
0.927325
0.123089
-0.558267
-0.628448
-0.61518
0.00815441
-0.440517
-0.64612
-0.363436
0.0670853
-0.781809
-1.17503
-0.687362
-0.218762
0.434607
-1.84685
0.112212
1.2871
0.656659
-0.0915394
-1.72023
-0.389141
0.111341
0.141073
0.114932
-0.00396476
0.183062
-0.144632
-0.184222
-0.180847
-0.331869
-0.114471
0.130859
0.345082
0.399286
-0.283024
-0.199157
-0.618633
-0.329568
-0.0638441
-0.209567
-0.629224
-0.436099
0.669339
1.14782
-0.867904
-0.590973
0.299408
0.957392
0.85893
-0.433548
0.0417592
0.384959
0.101776
-0.191964
-0.559649
-0.392972
-0.628855
-1.06331
-1.31839
-0.504426
0.0403184
0.819045
1.23853
1.58558
1.54713
1.20168
1.35912
1.1518
1.31812
0.231585
1.12669
1.16686
0.229954
0.126363
-0.78658
-0.792671
-0.964374
-1.13537
-0.272984
0.0501834
-0.199897
-0.295583
-0.387441
-0.135021
-0.991326
-0.870382
-1.08095
-1.42323
-1.50563
-1.1317
-1.00308
-1.44731
-1.12737
-1.18
-0.817726
-1.19485
-1.28175
-0.883688
-0.805984
-0.677131
-1.46954
-1.25022
-0.685381
-0.695773
-0.0126383
-0.140614
-0.018007
0.090723
-0.112679
-0.179604
-0.136292
-0.18428
-0.21917
0.00654881
-0.142927
-0.16705
-0.29397
-0.222129
-0.0475223
-0.210227
-0.176481
-0.103476
-0.0609751
-0.111406
-0.00266928
-0.00758692
-0.194838
-0.048646
-0.033189
0.0288675
1.33323
1.0379
-0.673175
-0.488914
-1.13973
-0.0840131
0.789358
0.160056
-1.23641
-0.808139
-1.2353
-0.688226
-0.545267
-0.474793
0.716851
0.472018
-0.903108
-1.42919
-0.0994652
0.789557
0.553965
-0.334265
-1.40035
-0.562899
-0.451934
-1.19609
-1.19347
-0.0552223
0.325263
-0.365651
-1.21807
-0.517124
-2.15516
-0.813461
-0.338116
-0.135869
0.0665412
-0.254311
-0.537723
0.0286012
0.673636
0.977507
0.32126
0.447731
1.46509
-0.325051
0.347452
0.142054
0.210508
-1.884
-0.739814
0.569588
0.105002
0.40253
0.489774
-1.06851
1.21076
-1.09661
-3.39612
-1.18346
-1.04683
-1.66671
-1.12091
0.764156
-0.515754
0.517165
1.05368
0.237362
-0.544079
-0.549898
-0.0485143
-0.347979
-0.665154
-0.043911
0.0618822
-0.240276
-0.335276
-0.147472
-0.161385
0.00896258
0.0464176
0.68251
-0.306935
-0.258302
-0.010392
0.132176
-0.344917
-0.544747
0.0422545
0.198095
0.317396
0.405776
0.0949126
0.819159
1.34341
0.206377
0.917946
-0.90889
0.2642
0.209985
0.180812
-0.577678
0.293713
0.753832
-0.870704
-0.466951
0.60587
1.26406
0.242771
-0.0464938
-0.0809538
0.697245
0.137679
-0.0964065
-1.6006
-0.344829
-0.575902
-0.94927
0.439669
0.755864
-0.699487
-1.27921
-0.0550876
0.378948
0.298066
-0.415335
-1.58671
-0.891528
0.344067
0.757373
-0.728256
-0.768783
-0.278596
-1.07489
-0.359141
0.962959
0.910612
-1.81294
1.27075
2.25967
0.506726
-0.71521
-0.151133
1.09897
-1.09996
-2.35103
-0.65309
-0.125031
0.0346063
-0.048698
-0.361727
0.169509
0.145478
-0.3133
-1.26506
0.383906
-0.430851
-0.412393
-0.333083
0.450791
-0.595103
-0.589287
-0.313255
0.063975
-1.58497
-0.700488
-0.470337
-2.75458
-2.77598
0.573557
0.0295043
-2.01391
-2.87192
0.0804237
-1.60007
-0.0430999
-1.13469
-0.924254
-0.151321
1.09746
-0.0498833
-1.16323
-1.91671
-0.411311
0.0775788
-0.833769
0.153443
0.820216
0.264728
0.192189
0.641359
1.08103
-0.211199
0.396204
-0.568889
-0.187995
0.105956
-0.138401
-0.0505454
0.155685
0.0797184
-0.0735227
0.0509687
0.0522419
0.0553355
-0.0163442
0.0233645
-0.128411
0.196253
0.0597642
-0.253024
-6.12563e-05
-0.499577
-0.0417825
1.36462
1.30619
-0.0749046
-1.64991
-0.121421
0.271448
1.90409
0.619236
-2.65226
-1.6914
2.21188
1.07655
-2.0356
-1.60335
-0.747657
1.06579
1.08951
0.683822
-1.21673
-0.45138
0.271815
-0.216947
0.0285729
0.585593
-0.801094
-0.352833
0.236084
-0.390507
-0.250271
-0.046942
-1.15653
-2.00433
-1.79113
-0.552655
0.284772
-0.0669726
-1.16539
-0.87457
-0.145985
-0.807596
-1.77247
-0.144187
0.454901
-1.18435
-1.30023
-0.961232
-0.842242
-0.38743
-0.292031
-0.512365
0.145083
-0.296235
-0.306344
-0.149906
-0.415765
-0.849839
-0.2779
-0.355977
-0.519399
-0.971928
-0.374474
-0.10197
-0.135208
-0.411818
-0.871594
-0.142698
-0.370121
-0.453271
-2.10773
-0.283369
-0.275863
0.19223
-0.0433095
-0.272727
-0.0544498
-0.501383
-1.32807
-0.140641
0.25864
2.18176
0.8909
-0.2462
-1.11582
-0.267189
-0.220407
-0.0573587
-0.554795
-0.241001
-0.276984
-0.212327
-0.515632
0.0456624
0.775976
-0.0351053
-0.903991
-0.339001
-3.62533
-1.16069
-0.528348
-1.10502
-0.0379426
-0.0541401
-0.429359
-1.65338
0.167133
-0.655292
-0.647426
-2.78129
1.16059
-0.0717466
-0.0619783
1.26041
0.0418529
-0.393326
-0.290367
0.516126
-0.899254
-0.239963
-0.706829
2.08034
-0.796388
-0.316678
-0.229225
-0.0813207
-0.205162
-0.397123
-0.1191
0.0148201
0.0239045
-0.136229
-0.256569
0.329448
-0.734987
-0.268831
0.206269
-0.48509
-0.506694
-0.0717769
-0.105922
0.168913
-0.233448
0.0223645
-1.25097
-2.76582
-1.53334
-0.405069
0.735215
-1.94976
-0.858804
0.346542
0.463997
-2.91845
0.506974
-0.0672124
-1.0106
-0.113481
1.74193
-2.4499
-0.781304
1.74551
1.55758
0.362428
0.0958891
0.0417549
1.77677
0.443411
-0.542862
-0.301257
1.03612
-0.322519
-0.632188
0.269974
0.857577
-2.20972
-0.219724
0.0184479
-0.0924495
-0.052994
-0.0664961
-0.22062
-0.318363
-0.310187
-0.105264
-0.0722781
-0.260417
-0.0943061
-0.256605
-0.38038
-0.0208239
0.0101733
-0.584705
0.430808
-1.46992
-1.62135
-0.643835
-0.980758
1.574
-0.588273
-0.376904
-1.98586
0.200997
-1.00433
-0.933852
-1.76196
1.94157
-0.307832
-0.48024
-1.4944
-1.70996
-0.2293
-1.8716
-0.926884
-1.55212
0.47438
0.486133
0.54811
0.99799
0.371509
0.919833
-0.482798
-0.334848
-0.909486
-0.93313
-0.00799675
-2.25804
-2.17638
1.98624
0.210706
-1.09412
-0.458714
3.83489
1.03397
-0.185014
2.49665
-1.15591
0.194143
0.301313
3.20108
-0.375024
-0.910742
-0.0275008
-0.154647
0.126258
-0.443945
-0.764853
-0.471066
-0.122057
0.20243
0.422731
1.0754
0.00515522
0.693572
0.631926
1.95997
-0.145224
0.204995
0.395276
-0.00273442
-0.0743662
0.109026
-0.395155
-0.431366
0.703156
1.91483
-0.500412
-0.692106
1.81225
1.44461
-0.575876
-1.11527
-0.545577
-0.794921
1.90563
0.724711
-1.52804
-1.89288
-0.409171
-1.0814
-1.02529
-1.88721
-0.926056
-1.09825
1.85576
0.218648
-0.224449
-0.214344
-1.0965
-1.55925
0.0975286
0.309088
-0.257459
-0.398079
-1.73426
-1.01503
-1.18128
-0.404224
0.460245
1.32248
0.664302
0.311905
0.160389
2.72376
-1.05252
-0.256899
1.13391
-0.101581
0.340166
-0.903801
0.473117
-0.261549
1.96042
0.478651
-1.91408
-0.763482
-2.72941
-2.75717
-1.24794
0.257587
-0.290918
-0.110279
-0.0620309
-0.122054
0.136094
-0.702061
-0.66346
0.134895
0.0940553
0.352431
0.270125
-0.72828
-0.372388
-1.18951
-1.07345
-0.732224
2.67886
0.981793
-0.0869841
-2.0662
2.30165
0.774413
-1.28058
-2.07021
-0.776676
-1.05256
-0.700431
-0.489411
-0.629948
1.37124
-0.6993
0.122934
-0.245174
-1.28892
-1.87115
0.192699
-0.713709
-1.10711
0.838602
1.36335
0.623044
-1.71485
1.43569
-0.0480199
1.03521
-0.11282
-0.23106
-1.40588
-0.229577
0.0488583
-0.0808511
0.0805071
-0.0475659
-0.215413
-0.186411
0.0677875
-0.22119
-0.14219
0.152466
0.0500527
-0.10095
-0.210427
0.088791
-0.183057
-0.860618
1.36911
0.674355
0.330739
-1.82923
-0.620169
-0.590877
-0.353979
-2.51717
0.290159
-0.829827
-0.5711
-0.7506
0.415984
3.16906
1.42116
-2.2444
-1.02009
1.57477
1.95819
-2.56376
-1.31588
0.544256
0.439823
-3.65236
-1.27622
-0.437639
-0.674998
-3.19054
-2.26924
-1.23435
0.318995
0.368063
0.0163335
-1.38411
-2.79811
-0.497256
0.876265
1.28999
-0.346864
-1.3391
-0.52843
-0.441299
-2.37176
1.5266
2.4864
-0.0271393
-1.24486
-0.950769
-0.500611
-0.388574
-1.54084
-0.442091
0.37523
0.512817
-0.512237
-0.844565
0.777323
0.761532
-0.845998
0.0814377
-0.26863
-0.667691
-1.32654
0.080444
0.374651
0.294804
0.549688
-0.68747
-0.486533
1.77887
0.911481
-0.564096
-0.570065
0.701877
-0.361247
-0.563752
-0.792724
1.06064
0.831971
-1.1757
-0.449376
0.502575
0.225337
-1.84082
-0.121314
0.208475
-0.974889
-0.845926
1.82298
-0.29808
-0.442127
-2.19254
-3.11671
-2.04149
-0.617772
0.226443
0.243355
0.788044
-1.2585
-1.6071
-0.612104
2.43518
0.557764
-0.749321
0.299706
2.20876
0.244764
-0.854586
-0.853088
0.0768743
-2.48702
0.392478
0.574192
0.593568
-0.138819
0.858534
-1.03515
-1.9676
-1.05999
-1.66994
-1.1836
1.01764
-0.40292
0.283329
0.313344
0.575321
-0.333244
0.178242
2.23695
0.931696
0.475932
0.950531
0.879883
0.999043
-0.139275
-0.960153
-0.172661
0.405514
-0.115135
-0.238744
-0.360158
0.494479
0.454596
1.45676
0.212839
-1.65078
-1.99381
1.00145
-0.0816588
0.516521
1.81256
0.840213
1.03086
0.00931733
0.02914
1.14007
0.14196
-1.31434
0.176893
-2.3255
-1.50188
1.60322
2.49032
-1.2112
-0.608579
1.19206
-0.628564
-0.723372
-1.13999
-1.12485
0.145249
-0.21845
-0.546112
-0.130581
1.14859
-0.198818
-0.0969088
0.161993
-0.186114
-0.222437
0.134148
0.059938
0.0762106
-0.145536
-0.0721447
-0.210697
-0.146398
0.137675
-0.209038
-0.217639
-0.250404
-0.896783
-0.145638
0.775094
2.57842
-2.57104
-2.99945
-0.58012
-1.03985
0.308158
-0.0747258
-0.083249
0.470846
-0.711957
-1.04079
-1.64201
-1.23493
-0.452678
1.44686
2.34963
2.37003
-0.291897
-0.277335
2.01145
1.61457
0.0151302
-1.33658
-0.251612
-0.455159
-0.734208
0.850202
0.263656
-0.250179
-2.33386
-4.32356
-3.00164
-0.434498
1.58419
0.307793
-0.286515
-0.866343
1.54237
-0.505044
1.8693
1.06899
-0.554752
-1.07531
-1.73479
-0.412904
-0.388073
-0.148947
-0.298262
-0.0896663
0.0188793
0.0137581
0.0419595
0.0884069
0.431
0.447114
0.922275
0.273049
0.0261165
-1.60996
-1.92697
-0.497033
-0.0338048
-0.267925
-0.217368
-0.207484
-0.150931
-1.83981
-1.67085
-0.800072
0.416849
-0.155438
1.41264
-1.45855
-0.303145
-1.21726
-1.23796
-0.57668
-0.47653
0.801081
0.816321
0.0760167
-0.3171
0.324132
0.933422
0.17481
0.128728
0.301235
0.527144
-0.110017
-0.740963
-0.415119
1.96819
-0.01925
0.282969
-1.65365
-3.20153
-1.57161
-0.433682
0.661273
-1.41123
-1.35672
1.78802
0.558347
-0.095683
0.345012
-0.0718275
-0.753124
-0.749497
-0.0969056
1.34466
-1.87355
-0.264613
0.103713
0.00814063
-2.05464
0.951639
-0.444373
-0.391257
0.207532
-2.04825
-0.48546
1.32423
1.43819
0.0704624
0.279092
-0.189625
-0.0969915
-0.55111
-0.105103
0.00866599
-0.752949
-0.846506
-0.364045
-0.273358
0.588836
-0.10871
-0.239093
0.31045
0.381777
0.446399
-0.0542106
-1.63199
-1.7791
-4.48889
-2.06488
-1.26207
0.00550294
-1.69634
-0.976102
1.03745
0.777705
-0.0522087
1.31803
-0.0356175
0.277726
0.774846
0.345577
0.271082
1.13401
1.92143
1.7449
-0.330815
0.495427
-1.05032
0.292507
-0.796913
0.724719
-1.55515
-0.624461
-0.563405
-0.888999
-1.44556
-0.52642
0.169163
-0.137011
-0.181065
-0.174125
-0.0846207
0.00934255
0.101555
0.000226218
-0.0862608
-0.0633304
-0.0881454
-0.113465
-0.0492233
-0.205004
-0.261033
0.0139794
0.372159
-0.666465
-2.13967
-1.88555
1.55915
1.02082
0.0832525
0.424874
1.15416
1.8147
-1.22089
0.0577923
-0.436563
-1.22672
0.556912
1.23854
2.1229
0.789717
-1.1014
-0.773093
-1.09317
1.01403
-1.57454
-1.85741
-2.24076
-0.8116
-1.42362
-1.66539
-2.25768
-1.37512
0.178604
0.398078
-0.663195
0.29934
2.11025
3.82063
-0.865049
0.514562
-0.464132
0.459833
1.32693
-0.304445
-0.853887
-1.14014
2.57515
2.52482
-1.12546
-0.448081
-0.124927
0.669717
0.903783
1.24206
0.301541
0.355712
0.589562
1.76083
0.422147
-0.337129
-0.830702
-0.314651
0.617824
0.0832005
-1.40134
-1.2291
-0.116017
-0.149943
-0.73754
-0.108997
1.10237
1.0045
-1.88044
-0.661558
-0.0568291
0.238628
-0.161772
-0.28751
-0.146439
0.102442
-0.83909
0.143627
2.67996
1.31026
-0.512142
-0.940167
1.3075
0.51942
-1.11541
-1.97366
-2.11973
-1.01117
-0.185939
0.241328
-1.91237
-2.57191
-2.18242
-0.255
-0.657173
0.0593508
-0.149403
0.762301
0.570939
0.0521285
0.836776
2.21522
0.0553368
0.286507
-1.47847
-0.593316
-0.149659
0.031148
-0.7777
-1.56289
-0.478595
-0.622293
-1.2126
-0.72143
-0.512806
-1.04351
-1.3921
-2.23038
-0.953449
-0.272118
-0.322038
0.654173
1.11789
0.206738
-0.263397
0.236549
0.0055031
-1.4543
-0.789299
-0.255876
-0.327446
-1.61352
-1.4527
-1.31184
-0.881848
-1.13363
0.380223
-0.242648
-0.0409976
0.106721
0.953852
0.43109
-2.27846
0.0833147
1.78116
3.20825
-0.143278
0.297497
0.421089
1.48862
0.0169059
-0.186409
-0.66106
-1.78765
-0.00242804
1.07668
-0.00765164
-1.68945
2.00036
0.0665038
-1.92074
-1.87898
0.868548
-1.18698
-1.54178
-1.90982
-0.170485
-1.3625
-0.154687
-0.338375
-0.151315
0.137505
0.977201
0.461943
-0.0546288
0.102825
-0.0586861
-0.179701
-0.00374152
-0.249635
-0.234544
-0.111715
-0.213077
-0.244152
-0.291051
0.0393671
-0.128136
0.141604
-0.249988
-0.0212716
-0.112685
0.206175
-1.90478
-4.33105
1.19614
0.105759
0.171977
0.0581205
-1.37513
0.383072
0.441216
0.581933
-0.23763
-0.922852
-0.0676868
-0.353536
0.824767
0.65562
0.743601
-1.25111
0.883697
0.81083
-1.48863
-1.73664
1.02262
0.328566
-0.898397
-0.340874
0.109931
-1.02294
-0.956333
-0.214035
-0.742961
-1.40003
-0.344172
-0.077091
-0.781106
0.361862
1.46679
1.96903
-2.0526
0.291838
0.876272
-0.783549
-1.65395
0.195648
0.251214
-0.278684
-0.211056
-0.451601
-0.304875
-0.0901005
-0.390968
-0.295015
-0.134487
-0.598507
-0.717308
-0.334055
-0.0051191
-0.509244
-0.211867
0.683825
0.420065
-0.0720582
-0.0632124
-0.10811
-0.529894
-0.00879187
-0.24684
-0.350897
-1.20168
-0.494604
-0.41489
-0.305686
0.116438
1.3944
-0.103026
0.497937
1.46379
0.894952
-0.453532
-1.57476
-2.11939
-1.29062
-0.216193
-1.44809
-1.63914
-1.18447
1.05481
0.557614
-0.484795
-0.504353
0.729195
0.8203
-0.34093
-0.322794
-0.905461
-2.27604
-2.20506
-1.74961
-0.776237
-2.67213
-0.123315
0.904021
0.813958
0.148672
0.373395
-0.396123
-0.243305
1.54994
1.57766
0.183543
0.214867
0.285514
-0.946056
-0.314209
0.230878
-0.783594
-1.9652
-0.369886
0.295401
-1.22569
-0.30923
0.131529
-1.47239
-2.4296
-0.987437
-0.401065
-0.0501423
-0.457721
-0.380071
-0.26431
0.122021
-0.644179
-0.600784
-0.482018
0.161936
-0.681779
-0.125464
0.305177
-0.240096
-0.478836
-0.183916
-0.0737573
-1.74608
-1.99337
1.06769
2.72282
-2.19504
-0.670343
0.289606
-0.903975
-2.75891
-1.40758
-1.23122
-2.55546
0.151633
-0.0164245
-0.208757
1.27423
0.476283
1.57312
0.907142
-0.712116
0.822887
1.34026
-0.473594
-2.05201
0.735132
-0.00412407
-1.19597
-0.693056
-0.054101
-0.6831
-0.480173
0.0457504
-0.125387
-0.098956
0.0469977
-0.124354
0.140777
-0.0982076
-0.00960467
0.00415788
0.213174
-0.000822319
-0.149481
-0.262147
0.0413495
-0.0763359
-0.20505
-0.153646
-0.479819
-0.915861
-1.79966
-1.89729
0.323741
0.00273784
1.36771
0.995016
1.55717
0.601344
0.608599
-0.805514
0.00830143
0.622505
-0.0672981
-0.723739
-1.35662
-1.46333
-1.3096
-0.964822
-1.00072
-0.778521
1.61395
0.891812
-0.0883887
0.644781
0.406139
0.569639
0.470129
1.62668
1.09596
0.201921
0.0230325
0.71917
2.22047
1.49254
0.751951
1.17812
0.698675
1.02392
0.501868
-0.607522
0.280708
0.343359
-1.76169
-3.50492
-2.93332
-1.54534
0.150952
0.513913
-0.0429708
-0.5121
0.399572
-0.821793
-0.2549
-0.0962118
-0.425413
-1.8794
0.271326
0.618282
-1.02018
-1.6621
-0.692749
-0.803423
-0.0805618
-0.367381
-0.532114
-0.254325
0.161444
-1.9911
-1.78844
0.37308
-0.0512782
-0.755746
0.69219
0.274988
-0.400837
-1.47387
-1.40669
-0.218628
-0.162947
-1.33492
-0.626686
-0.0520724
-0.842953
-2.76204
0.761166
0.264735
-0.986416
-0.458785
-0.187391
0.143377
-0.610149
1.6172
2.15365
-0.261288
0.684932
0.487163
0.605252
-0.686145
-0.328728
-1.27308
0.927843
1.48356
-1.54073
-1.20603
-2.39822
-0.259214
-2.04044
-2.28419
-1.15076
-1.24504
-1.11845
-1.54851
-0.952017
-0.400067
0.638705
1.3623
0.584327
-0.250903
0.380987
-0.574681
0.464764
-0.0293163
1.5305
1.68144
-0.589166
-0.465624
-0.418596
-0.318586
-0.448178
0.0768923
-0.0281338
0.830218
-0.123713
-0.206125
-0.211275
0.366885
0.370066
0.2613
0.489125
-0.0837602
-0.884025
-0.336619
0.855733
1.13841
-0.133865
-1.81486
0.177559
1.46212
1.16604
-1.09589
1.50379
-0.128374
-2.35094
-0.39771
1.2584
-0.865279
2.31267
1.10523
0.383714
-1.13256
-0.614907
0.233783
-0.479486
-0.941576
0.2545
-0.20682
-0.707738
1.86804
-0.350306
-0.166858
-0.487924
0.843397
-0.10198
-0.729917
-0.0648877
-0.164729
-0.0388895
-0.181756
-0.204066
-0.319351
0.0498282
-0.00503816
-0.116616
0.114245
-0.246999
-0.181092
-0.14608
-0.140904
-0.0893059
0.0710411
2.73755
0.166461
-0.618234
-0.0586302
-1.2736
-3.74399
0.56064
0.934715
-2.38381
-2.51794
-0.753332
-1.25118
-1.8817
-1.6916
-0.918961
-0.623279
1.19179
0.277329
-0.824176
-0.0222854
-0.702483
0.114171
-1.1584
0.949525
1.05941
-0.142508
-0.473836
-0.735026
2.35255
0.772982
-2.00909
-0.174692
-0.63152
0.468912
0.272024
0.541537
-2.17862
-0.313744
1.60744
2.09135
1.18009
0.313976
0.253287
-0.882405
-1.35996
-1.52216
-0.314596
-2.01847
-1.52212
-0.888626
-1.53425
-1.82005
-1.09749
-0.69319
0.0781087
0.0524416
-1.06481
-1.07963
0.997067
-0.126575
-0.263897
-0.712426
-1.1922
-0.701661
-0.238644
0.450091
1.54758
0.410988
-0.613016
0.244839
1.3098
1.46539
-0.218792
-0.233711
-1.40204
-0.487301
0.656785
1.25301
1.2946
0.241989
0.227023
0.782652
-1.75613
0.165591
0.687592
1.50703
-1.28628
-0.197008
-1.07953
0.493749
-0.113307
0.170835
1.30592
2.95139
-0.575554
-0.203272
0.278988
0.853866
0.63443
-0.380224
2.16126
1.23027
0.679499
-0.0361119
0.458773
-0.568808
-0.396521
1.60012
1.13842
-0.195849
-0.9826
-2.86979
-1.64928
-2.50167
0.417896
1.06255
0.734705
-0.716812
0.236726
-0.509292
3.93815
-2.26128
-0.103966
0.827496
-1.46874
-1.99055
0.945391
-0.34987
-0.561589
-0.310212
-0.0589568
-0.052835
-0.300962
0.24598
-1.51532
1.53471
1.24745
1.93479
-0.738955
0.221566
0.227993
0.258313
-0.242182
0.38087
-1.77795
-1.7836
-1.18164
-1.89663
-0.0676747
-2.81392
-1.68809
1.82452
-1.46477
-2.71926
0.50252
2.12287
-2.06978
-0.593706
-2.51853
-0.922794
0.280022
-1.27931
-1.6399
1.13298
-0.825404
-0.630755
-2.62701
0.310593
-1.43089
-1.37447
-2.34603
-0.487731
-0.313762
-0.0386293
-1.77098
2.03033
0.00736822
0.0772707
0.0976126
0.125001
0.224761
0.186413
-0.0323856
0.118012
-0.192208
0.0803477
0.228527
0.126964
-0.0387492
0.316979
0.303732
-0.124658
-0.188202
0.488447
0.212978
0.79994
3.38939
0.597009
-1.69898
-2.09887
0.242132
-0.115931
1.31001
0.966561
0.473362
0.00144646
0.595442
0.502654
1.91019
-0.973874
-2.7023
-1.93975
0.67706
1.25958
-2.22043
-1.52404
-0.362609
-0.171906
1.16195
1.05211
-1.55212
0.219027
0.709593
0.337798
1.4227
2.8635
-0.13676
-1.96334
-2.75417
0.0478733
-0.190327
-1.7331
-2.6215
1.39031
-0.0401245
-2.4061
-0.178325
-0.413
-2.21496
-1.06713
-0.752108
-0.451644
-1.15409
-0.919503
0.0513801
1.41387
-0.335292
-0.767742
-0.358091
0.375105
-1.33097
-1.02809
0.460486
0.309595
-0.986854
-0.812712
-0.195828
0.0927443
-0.670704
-0.495725
-0.310034
3.05604
2.08136
0.748206
-0.272973
-0.443758
-0.915109
0.27861
-0.596566
-1.38755
-1.09969
-0.555813
-1.14635
-1.56355
-1.34413
-0.103324
0.412787
2.56203
-0.598855
-0.070319
0.858095
0.762303
-0.165096
0.372706
-1.98162
-2.04171
0.119424
2.03883
-2.07848
-0.622723
0.816705
0.159495
1.0893
1.98199
0.911259
-1.3966
0.695262
0.690079
-1.88229
-1.44667
-1.10046
0.513735
-1.19439
-0.752647
0.813487
0.771895
-0.465923
-0.559337
-4.08977
-0.983348
-0.860831
-0.613996
-2.99792
0.278462
-0.871444
-0.662036
1.29677
1.43595
1.42922
0.779991
-0.10076
-0.0359814
0.183313
-0.214195
-1.01453
0.254884
0.294611
0.280917
-0.652541
-0.264791
0.595213
-0.452938
-0.362107
0.441139
-0.270922
0.0641128
-1.80074
-0.372687
0.974014
-1.01575
-2.24579
-1.14091
-1.61352
-1.66534
-0.31649
1.33925
1.8614
-0.659911
0.720443
1.12579
1.51853
-0.763476
0.547279
-1.79319
-2.84634
-1.56239
0.0950264
-0.913715
-1.55576
0.662817
0.247687
-0.54699
0.126448
2.14846
-0.373527
-1.95736
0.968605
0.234343
-0.220352
0.113601
-0.0334621
-0.00359844
-0.153571
-0.0615366
-0.0469931
-0.238459
-0.0410493
-0.032502
-0.163945
-0.187776
-0.337818
-0.28555
0.137758
0.241932
-2.42652
-0.840633
2.13072
2.29525
1.4633
0.231628
-0.0357429
-0.753466
3.6482
-0.817356
-1.96368
-0.821891
-1.43462
-2.55032
-2.99189
0.886235
-1.56428
-0.550611
-1.21621
-1.18599
-1.79032
-0.843367
-2.10939
-1.05429
-1.16354
-3.11796
