-1.56428
-0.550611
-1.21621
-1.18599
-1.79032
-0.843366
-2.10939
-1.05429
-1.16354
-3.11796
-1.56428
-0.550611
-1.21621
-1.18599
-1.79032
-0.843366
-2.10939
-1.05429
-1.16354
-3.11796
-1.56428
-0.550611
-1.21621
-1.18599
-1.79032
-0.843366
-2.10939
-1.05429
-1.16354
-3.11796
-1.56428
-0.550611
-1.21621
-1.18599
-1.79032
-0.843366
-2.10939
-1.05429
-1.16354
-3.11796
-1.56428
-0.550611
-1.21621
-1.18599
-1.79032
-0.843366
-2.10939
-1.05429
-1.16354
-3.11796
-1.56428
-0.550611
-1.21621
-1.18599
-1.79032
-0.843366
-2.10939
-1.05429
-1.16354
-3.11796
-1.56428
-0.550611
-1.21621
-1.18599
-1.79032
-0.843366
-2.10939
-1.05429
-1.16354
-3.11796
-1.56428
-0.550611
-1.21621
-1.18599
-1.79032
-0.843366
-2.10939
-1.05429
-1.16354
-3.11796
-1.56428
-0.550611
-1.21621
-1.18599
-1.79032
-0.843366
-2.10939
-1.05429
-1.16354
-3.11796
-1.56428
-0.550611
-1.21621
-1.18599
-1.79032
-0.843366
-2.10939
-1.05429
-1.16354
-3.11796
