-0.451935
-1.19609
-1.19347
-0.0552224
0.325263
-0.365651
-1.21807
-0.517124
-2.15516
-0.813462
-0.338116
-0.135869
-0.451935
-1.19609
-1.19347
-0.0552224
0.325263
-0.365651
-1.21807
-0.517124
-2.15516
-0.813462
-0.338116
-0.135869
-0.451935
-1.19609
-1.19347
-0.0552224
0.325263
-0.365651
-1.21807
-0.517124
-2.15516
-0.813462
-0.338116
-0.135869
-0.451935
-1.19609
-1.19347
-0.0552224
0.325263
-0.365651
-1.21807
-0.517124
-2.15516
-0.813462
-0.338116
-0.135869
-0.451935
-1.19609
-1.19347
-0.0552224
0.325263
-0.365651
-1.21807
-0.517124
-2.15516
-0.813462
-0.338116
-0.135869
-0.451935
-1.19609
-1.19347
-0.0552224
0.325263
-0.365651
-1.21807
-0.517124
-2.15516
-0.813462
-0.338116
-0.135869
-0.451935
-1.19609
-1.19347
-0.0552224
0.325263
-0.365651
-1.21807
-0.517124
-2.15516
-0.813462
-0.338116
-0.135869
-0.451935
-1.19609
-1.19347
-0.0552224
0.325263
-0.365651
-1.21807
-0.517124
-2.15516
-0.813462
-0.338116
-0.135869
-0.451935
-1.19609
-1.19347
-0.0552224
0.325263
-0.365651
-1.21807
-0.517124
-2.15516
-0.813462
-0.338116
-0.135869
-0.451935
-1.19609
-1.19347
-0.0552224
0.325263
-0.365651
-1.21807
-0.517124
-2.15516
-0.813462
-0.338116
-0.135869
-0.451935
-1.19609
-1.19347
-0.0552224
0.325263
-0.365651
-1.21807
-0.517124
-2.15516
-0.813462
-0.338116
-0.135869
-0.451935
-1.19609
-1.19347
-0.0552224
0.325263
-0.365651
-1.21807
-0.517124
-2.15516
-0.813462
-0.338116
-0.135869
